0 500
0.390625 500
0.78125 500
1.17188 500
1.5625 500
1.95312 500
2.34375 500
2.73438 500
3.125 500
3.51562 500
3.90625 500
4.29688 500
4.6875 500
5.07812 500
5.46875 500
5.85938 500
6.25 500
6.64062 500
7.03125 500
7.42188 500
7.8125 500
8.20312 500
8.59375 500
8.98438 500
9.375 500
9.76562 500
10.1562 500
10.5469 500
10.9375 500
11.3281 500
11.7188 500
12.1094 500
12.5 500
12.8906 500
13.2812 500
13.6719 500
14.0625 500
14.4531 500
14.8438 500
15.2344 500
15.625 500
16.0156 500
16.4062 500
16.7969 500
17.1875 500
17.5781 500
17.9688 500
18.3594 500
18.75 500
19.1406 500
19.5312 500
19.9219 500
20.3125 500
20.7031 500
21.0938 500
21.4844 500
21.875 500
22.2656 500
22.6562 500
23.0469 500
23.4375 500
23.8281 500
24.2188 500
24.6094 500
25 500
25.3906 500
25.7812 500
26.1719 500
26.5625 500
26.9531 500
27.3438 500
27.7344 500
28.125 500
28.5156 500
28.9062 500
29.2969 500
29.6875 500
30.0781 500
30.4688 500
30.8594 500
31.25 500
31.6406 500
32.0312 500
32.4219 500
32.8125 500
33.2031 500
33.5938 500
33.9844 500
34.375 500
34.7656 500
35.1562 500
35.5469 500
35.9375 500
36.3281 500
36.7188 500
37.1094 500
37.5 500
37.8906 500
38.2812 500
38.6719 500
39.0625 500
39.4531 500
39.8438 500
40.2344 500
40.625 500
41.0156 500
41.4062 500
41.7969 500
42.1875 500
42.5781 500
42.9688 500
43.3594 500
43.75 500
44.1406 500
44.5312 500
44.9219 500
45.3125 500
45.7031 500
46.0938 500
46.4844 500
46.875 500
47.2656 500
47.6562 500
48.0469 500
48.4375 500
48.8281 500
49.2188 500
49.6094 500
50 500
50.3906 500
50.7812 500
51.1719 500
51.5625 500
51.9531 500
52.3438 500
52.7344 500
53.125 500
53.5156 500
53.9062 500
54.2969 500
54.6875 500
55.0781 500
55.4688 500
55.8594 500
56.25 500
56.6406 500
57.0312 500
57.4219 500
57.8125 500
58.2031 500
58.5938 500
58.9844 500
59.375 500
59.7656 500
60.1562 500
60.5469 500
60.9375 500
61.3281 500
61.7188 500
62.1094 500
62.5 500
62.8906 500
63.2812 500
63.6719 500
64.0625 500
64.4531 500
64.8438 500
65.2344 500
65.625 500
66.0156 500
66.4062 500
66.7969 500
