includeFile = N01_IC1.txt N02_FS.txt N03_RM.txt N05_SS.txt N07_IC2.txt N08_SNT-1.txt ConstantsForNozzles.txt
Ge/RMW_2/RotZ = Tf/RMW_Rotation/Value deg
Ge/CheckForOverlaps = "t"
dv:Tf/BeamWeight/Times = 256 0.000000e+00 3.921569e-01 7.843138e-01 1.176471e+00 1.568628e+00 1.960784e+00 2.352941e+00 2.745098e+00 3.137255e+00 3.529412e+00 3.921569e+00 4.313726e+00 4.705883e+00 5.098040e+00 5.490197e+00 5.882353e+00 6.274510e+00 6.666667e+00 7.058824e+00 7.450981e+00 7.843138e+00 8.235295e+00 8.627452e+00 9.019609e+00 9.411766e+00 9.803922e+00 1.019608e+01 1.058824e+01 1.098039e+01 1.137255e+01 1.176471e+01 1.215686e+01 1.254902e+01 1.294118e+01 1.333333e+01 1.372549e+01 1.411765e+01 1.450981e+01 1.490196e+01 1.529412e+01 1.568628e+01 1.607843e+01 1.647059e+01 1.686275e+01 1.725490e+01 1.764706e+01 1.803922e+01 1.843137e+01 1.882353e+01 1.921569e+01 1.960784e+01 2.000000e+01 2.039216e+01 2.078432e+01 2.117647e+01 2.156863e+01 2.196079e+01 2.235294e+01 2.274510e+01 2.313726e+01 2.352941e+01 2.392157e+01 2.431373e+01 2.470588e+01 2.509804e+01 2.549020e+01 2.588236e+01 2.627451e+01 2.666667e+01 2.705883e+01 2.745098e+01 2.784314e+01 2.823530e+01 2.862745e+01 2.901961e+01 2.941177e+01 2.980392e+01 3.019608e+01 3.058824e+01 3.098040e+01 3.137255e+01 3.176471e+01 3.215687e+01 3.254902e+01 3.294118e+01 3.333334e+01 3.372549e+01 3.411765e+01 3.450981e+01 3.490196e+01 3.529412e+01 3.568628e+01 3.607843e+01 3.647059e+01 3.686275e+01 3.725491e+01 3.764706e+01 3.803922e+01 3.843138e+01 3.882353e+01 3.921569e+01 3.960785e+01 4.000000e+01 4.039216e+01 4.078432e+01 4.117647e+01 4.156863e+01 4.196079e+01 4.235295e+01 4.274510e+01 4.313726e+01 4.352942e+01 4.392157e+01 4.431373e+01 4.470589e+01 4.509804e+01 4.549020e+01 4.588236e+01 4.627451e+01 4.666667e+01 4.705883e+01 4.745098e+01 4.784314e+01 4.823530e+01 4.862746e+01 4.901961e+01 4.941177e+01 4.980393e+01 5.019608e+01 5.058824e+01 5.098040e+01 5.137255e+01 5.176471e+01 5.215687e+01 5.254902e+01 5.294118e+01 5.333334e+01 5.372550e+01 5.411765e+01 5.450981e+01 5.490197e+01 5.529412e+01 5.568628e+01 5.607844e+01 5.647059e+01 5.686275e+01 5.725491e+01 5.764706e+01 5.803922e+01 5.843138e+01 5.882353e+01 5.921569e+01 5.960785e+01 6.000001e+01 6.039216e+01 6.078432e+01 6.117648e+01 6.156863e+01 6.196079e+01 6.235295e+01 6.274510e+01 6.313726e+01 6.352942e+01 6.392157e+01 6.431373e+01 6.470589e+01 6.509805e+01 6.549020e+01 6.588236e+01 6.627452e+01 6.666667e+01 6.705883e+01 6.745099e+01 6.784314e+01 6.823530e+01 6.862746e+01 6.901961e+01 6.941177e+01 6.980393e+01 7.019609e+01 7.058824e+01 7.098040e+01 7.137256e+01 7.176471e+01 7.215687e+01 7.254903e+01 7.294118e+01 7.333334e+01 7.372550e+01 7.411765e+01 7.450981e+01 7.490197e+01 7.529412e+01 7.568628e+01 7.607844e+01 7.647060e+01 7.686275e+01 7.725491e+01 7.764707e+01 7.803922e+01 7.843138e+01 7.882354e+01 7.921569e+01 7.960785e+01 8.000001e+01 8.039216e+01 8.078432e+01 8.117648e+01 8.156864e+01 8.196079e+01 8.235295e+01 8.274511e+01 8.313726e+01 8.352942e+01 8.392158e+01 8.431373e+01 8.470589e+01 8.509805e+01 8.549020e+01 8.588236e+01 8.627452e+01 8.666667e+01 8.705883e+01 8.745099e+01 8.784315e+01 8.823530e+01 8.862746e+01 8.901962e+01 8.941177e+01 8.980393e+01 9.019609e+01 9.058824e+01 9.098040e+01 9.137256e+01 9.176471e+01 9.215687e+01 9.254903e+01 9.294119e+01 9.333334e+01 9.372550e+01 9.411766e+01 9.450981e+01 9.490197e+01 9.529413e+01 9.568628e+01 9.607844e+01 9.647060e+01 9.686275e+01 9.725491e+01 9.764707e+01 9.803922e+01 9.843138e+01 9.882354e+01 9.921570e+01 9.960785e+01 1.000000e+02 ms
iv:Tf/BeamWeight/Values = 256 0 0 0 132 132 132 132 132 131 131 131 131 131 140 140 140 140 140 140 140 140 140 140 140 140 140 140 140 140 140 140 140 123 122 121 120 119 119 119 117 116 115 113 113 112 111 110 108 107 107 105 104 103 102 102 102 102 101 101 102 102 102 102 103 104 105 107 107 109 111 112 113 115 117 119 119 120 122 124 124 125 127 128 129 130 130 131 132 132 133 133 134 134 134 134 135 135 134 134 134 134 133 133 132 132 132 131 130 130 129 128 127 127 127 127 127 127 127 127 127 127 127 127 127 127 127 127 127 128 128 129 129 129 129 129 130 130 130 130 130 131 132 132 133 133 134 135 136 136 137 137 137 138 140 140 141 141 141 141 142 142 142 142 142 142 142 142 142 142 142 142 142 142 142 142 142 142 142 142 142 142 140 140 140 140 140 140 140 140 140 140 140 140 140 140 140 140 140 140 140 140 255 255 255 255 255 255 255 255 255 255 255 255 255 255 255 255 255 255 255 255 255 255 255 255 255 255 255 255 255 255 255 255 255 255 255 255 255 255 255 255 255 255 255 255 255 255 255 255 255 255 255 255 255 255 255 
s:Tf/BeamCurrent/Function = "Step"
dv:Tf/BeamCurrent/Times = 1 100 ms
iv:Tf/BeamCurrent/Values = 1 10
i:Tf/BCM_1/Value = Tf/BeamCurrent/Value * Tf/BeamWeight/Value
So/Demo/NumberOfHistoriesInRun= Tf/BCM_1/Value
d:Tf/TimelineEnd=64.062500 ms
i:Tf/NumberOfSequentialTimes=164
Ge/RMW/Track = -1 * Ge/RMW/Track5 deg
d:Ge/RMW/Track/zero_angle = Ge/RMW/Track5 - Ge/RMW/Small/Track1 deg
s:Tf/RMW_Rotation/Function = "Linear deg"
d:Tf/RMW_Rotation/Rate = 3.6 deg/ms
d:Tf/RMW_Rotation/StartValue = Ge/RMW/Track/zero_angle deg
d:Tf/RMW_Rotation/RepetitionInterval = 100. ms
Ts/PauseBeforeSequence="F"
i:Ts/ShowHistoryCountAtInterval = 0
Ge/Scatterer1/Lollipop6 = Ge/Scatterer1/RotZ_InBeam deg
Ge/Scatterer1/Lollipop2 = Ge/Scatterer1/RotZ_InBeam deg
Ge/Scatterer1/Lollipop5 = Ge/Scatterer1/RotZ_InBeam deg
Ge/Scatterer1/Lollipop4 = Ge/Scatterer1/RotZ_InBeam deg
d:Ge/Scatterer2/Holder/RotZ = Ge/Scatterer2/RotZForS2 deg
Ge/Snout/TransZ = -432.5 mm
Ge/Snout/SNTTypeR1 = Ge/Snout/SNT250R1 mm
Ge/Snout/SNTTypeR2 = Ge/Snout/SNT250R2 mm
s:So/Demo/Component              = "BeamPosition"
s:So/Demo/BeamPositionCutoffShape= "Ellipse"
d:So/Demo/BeamEnergy             = 171.79 MeV
u:So/Demo/BeamEnergySpread       = 0.597512
s:So/Demo/BeamPositionDistribution = "Gaussian"
d:So/Demo/BeamPositionCutoffX = 0.1 cm
d:So/Demo/BeamPositionCutoffY = 0.1 cm
d:So/Demo/BeamPositionSpreadX = 0.1 cm
d:So/Demo/BeamPositionSpreadY = 0.1 cm
s:So/Demo/BeamAngularDistribution = "Gaussian"
d:So/Demo/BeamAngularCutoffX     = 0.01 deg
d:So/Demo/BeamAngularCutoffY     = 0.01 deg
d:So/Demo/BeamAngularSpreadX     = 0.01 deg
d:So/Demo/BeamAngularSpreadY     = 0.01 deg
i:Ts/NumberOfThreads = -1
b:Ge/QuitIfOverlapDetected = "F"
i:Ts/MaxInterruptedHistories = 100000000
