0 0
0.390625 0
0.78125 0
1.17188 118000
1.5625 118000
1.95312 118000
2.34375 118000
2.73438 118000
3.125 118000
3.51562 118000
3.90625 118000
4.29688 118000
4.6875 118000
5.07812 118000
5.46875 118000
5.85938 118000
6.25 118000
6.64062 118000
7.03125 118000
7.42188 118000
7.8125 118000
8.20312 118000
8.59375 118000
8.98438 118000
9.375 118000
9.76562 118000
10.1562 118000
10.5469 118000
10.9375 118000
11.3281 118000
11.7188 118000
12.1094 118000
12.5 118000
12.8906 118000
13.2812 118000
13.6719 118000
14.0625 118000
14.4531 118000
14.8438 118000
15.2344 118000
15.625 118000
16.0156 118000
16.4062 118000
16.7969 118000
17.1875 118000
17.5781 118000
17.9688 118000
18.3594 118000
18.75 118000
19.1406 118000
19.5312 118000
19.9219 112000
20.3125 112000
20.7031 112000
21.0938 112000
21.4844 111500
21.875 111500
22.2656 110500
22.6562 110000
23.0469 110000
23.4375 109500
23.8281 109000
24.2188 108500
24.6094 107500
25 107500
25.3906 107000
25.7812 107000
26.1719 106500
26.5625 106500
26.9531 106000
27.3438 106000
27.7344 105000
28.125 105000
28.5156 105000
28.9062 105000
29.2969 105000
29.6875 105000
30.0781 105000
30.4688 105000
30.8594 105000
31.25 104500
31.6406 104500
32.0312 104500
32.4219 104000
32.8125 104000
33.2031 103500
33.5938 103500
33.9844 102500
34.375 102500
34.7656 102000
35.1562 102000
35.5469 102000
35.9375 101000
36.3281 101000
36.7188 101000
37.1094 101000
37.5 102000
37.8906 102000
38.2812 102000
38.6719 102500
39.0625 117500
39.4531 117500
39.8438 117500
40.2344 117500
40.625 117500
41.0156 117500
41.4062 117500
41.7969 117500
42.1875 117500
42.5781 117500
42.9688 117500
43.3594 117500
43.75 117500
44.1406 117500
44.5312 117500
44.9219 117500
45.3125 117500
45.7031 113000
46.0938 113000
46.4844 113000
46.875 114000
47.2656 114000
47.6562 114000
48.0469 114000
48.4375 114500
48.8281 115000
49.2188 115000
