includeFile = N01_IC1.txt N02_FS.txt N03_RM.txt N05_SS.txt N07_IC2.txt N08_SNT-1.txt ConstantsForNozzles.txt
Ge/RMW_2/RotZ = Tf/RMW_Rotation/Value deg
Ge/CheckForOverlaps = "f"
dv:Tf/BeamWeight/Times = 256	0	3.921569e-001	7.843137e-001	1.176471e+000	1.568627e+000	1.960784e+000	2.352941e+000	2.745098e+000	3.137255e+000	3.529412e+000	3.921569e+000	4.313725e+000	4.705882e+000	5.098039e+000	5.490196e+000	5.882353e+000	6.274510e+000	6.666667e+000	7.058824e+000	7.450980e+000	7.843137e+000	8.235294e+000	8.627451e+000	9.019608e+000	9.411765e+000	9.803922e+000	1.019608e+001	1.058824e+001	1.098039e+001	1.137255e+001	1.176471e+001	1.215686e+001	1.254902e+001	1.294118e+001	1.333333e+001	1.372549e+001	1.411765e+001	1.450980e+001	1.490196e+001	1.529412e+001	1.568627e+001	1.607843e+001	1.647059e+001	1.686275e+001	1.725490e+001	1.764706e+001	1.803922e+001	1.843137e+001	1.882353e+001	1.921569e+001	1.960784e+001	20	2.039216e+001	2.078431e+001	2.117647e+001	2.156863e+001	2.196078e+001	2.235294e+001	2.274510e+001	2.313725e+001	2.352941e+001	2.392157e+001	2.431373e+001	2.470588e+001	2.509804e+001	2.549020e+001	2.588235e+001	2.627451e+001	2.666667e+001	2.705882e+001	2.745098e+001	2.784314e+001	2.823529e+001	2.862745e+001	2.901961e+001	2.941176e+001	2.980392e+001	3.019608e+001	3.058824e+001	3.098039e+001	3.137255e+001	3.176471e+001	3.215686e+001	3.254902e+001	3.294118e+001	3.333333e+001	3.372549e+001	3.411765e+001	3.450980e+001	3.490196e+001	3.529412e+001	3.568627e+001	3.607843e+001	3.647059e+001	3.686275e+001	3.725490e+001	3.764706e+001	3.803922e+001	3.843137e+001	3.882353e+001	3.921569e+001	3.960784e+001	40	4.039216e+001	4.078431e+001	4.117647e+001	4.156863e+001	4.196078e+001	4.235294e+001	4.274510e+001	4.313725e+001	4.352941e+001	4.392157e+001	4.431373e+001	4.470588e+001	4.509804e+001	4.549020e+001	4.588235e+001	4.627451e+001	4.666667e+001	4.705882e+001	4.745098e+001	4.784314e+001	4.823529e+001	4.862745e+001	4.901961e+001	4.941176e+001	4.980392e+001	5.019608e+001	5.058824e+001	5.098039e+001	5.137255e+001	5.176471e+001	5.215686e+001	5.254902e+001	5.294118e+001	5.333333e+001	5.372549e+001	5.411765e+001	5.450980e+001	5.490196e+001	5.529412e+001	5.568627e+001	5.607843e+001	5.647059e+001	5.686275e+001	5.725490e+001	5.764706e+001	5.803922e+001	5.843137e+001	5.882353e+001	5.921569e+001	5.960784e+001	60	6.039216e+001	6.078431e+001	6.117647e+001	6.156863e+001	6.196078e+001	6.235294e+001	6.274510e+001	6.313725e+001	6.352941e+001	6.392157e+001	6.431373e+001	6.470588e+001	6.509804e+001	6.549020e+001	6.588235e+001	6.627451e+001	6.666667e+001	6.705882e+001	6.745098e+001	6.784314e+001	6.823529e+001	6.862745e+001	6.901961e+001	6.941176e+001	6.980392e+001	7.019608e+001	7.058824e+001	7.098039e+001	7.137255e+001	7.176471e+001	7.215686e+001	7.254902e+001	7.294118e+001	7.333333e+001	7.372549e+001	7.411765e+001	7.450980e+001	7.490196e+001	7.529412e+001	7.568627e+001	7.607843e+001	7.647059e+001	7.686275e+001	7.725490e+001	7.764706e+001	7.803922e+001	7.843137e+001	7.882353e+001	7.921569e+001	7.960784e+001	80	8.039216e+001	8.078431e+001	8.117647e+001	8.156863e+001	8.196078e+001	8.235294e+001	8.274510e+001	8.313725e+001	8.352941e+001	8.392157e+001	8.431373e+001	8.470588e+001	8.509804e+001	8.549020e+001	8.588235e+001	8.627451e+001	8.666667e+001	8.705882e+001	8.745098e+001	8.784314e+001	8.823529e+001	8.862745e+001	8.901961e+001	8.941176e+001	8.980392e+001	9.019608e+001	9.058824e+001	9.098039e+001	9.137255e+001	9.176471e+001	9.215686e+001	9.254902e+001	9.294118e+001	9.333333e+001	9.372549e+001	9.411765e+001	9.450980e+001	9.490196e+001	9.529412e+001	9.568627e+001	9.607843e+001	9.647059e+001	9.686275e+001	9.725490e+001	9.764706e+001	9.803922e+001	9.843137e+001	9.882353e+001	9.921569e+001	9.960784e+001	100	ms
iv:Tf/BeamWeight/Values = 256 0 0 0 208 208 208 208 208 208 208 208 208 207 207 207 207 206 206 206 205 205 205 204 204 203 203 202 202 202 201 201 200 200 199 199 198 197 196 196 195 194 193 191 190 190 189 188 186 185 184 183 183 182 181 180 180 180 179 179 178 178 177 177 177 177 177 177 177 177 178 178 178 179 180 180 180 181 182 183 183 184 184 185 186 187 187 188 188 189 189 190 190 190 190 190 190 191 191 191 191 192 192 192 191 191 191 191 190 190 190 190 190 189 189 189 189 188 188 188 188 188 189 189 189 189 190 190 190 190 190 190 190 190 190 189 188 187 186 185 185 185 184 184 184 183 183 183 183 182 182 181 180 179 178 177 176 175 175 174 174 174 175 175 176 177 178 179 180 190 190 190 190 190 190 190 190 190 190 190 190 190 190 190 190 190 190 190 190 190 190 190 190 190 190 190 190 190 190 190 190 255 255 255 255 255 255 255 255 255 255 255 255 255 255 255 255 255 255 255 255 255 255 255 255 255 255 255 255 255 255 255 255 255 255 255 255 255 255 255 255 255 255 255 255 255 255 255 255 255 255 255 255 255 255 255 255 
s:Tf/BeamCurrent/Function = "Step"
dv:Tf/BeamCurrent/Times = 1 100 ms
iv:Tf/BeamCurrent/Values = 1 100
i:Tf/BCM_1/Value = Tf/BeamCurrent/Value * Tf/BeamWeight/Value
So/Demo/NumberOfHistoriesInRun= Tf/BCM_1/Value
d:Tf/TimelineEnd=25.7812 ms
i:Tf/NumberOfSequentialTimes=66
Ge/RMW/Track = -1 * Ge/RMW/Track4 deg
d:Ge/RMW/Track/zero_angle = Ge/RMW/Track4 - Ge/RMW/Small/Track0 deg
s:Tf/RMW_Rotation/Function = "Linear deg"
d:Tf/RMW_Rotation/Rate = 3.6 deg/ms
d:Tf/RMW_Rotation/StartValue = Ge/RMW/Track/zero_angle deg
d:Tf/RMW_Rotation/RepetitionInterval = 100. ms
Ts/PauseBeforeSequence="F"
#i:Ts/ShowHistoryCountAtInterval = 0
i:Ts/ShowHistoryCountAtInterval = 1000
Ge/Scatterer1/Lollipop6 = Ge/Scatterer1/RotZ_InBeam deg
d:Ge/Scatterer2/Holder/RotZ = Ge/Scatterer2/RotZForS2 deg
Ge/Snout/TransZ = -432.5 mm
Ge/Snout/SNTTypeR1 = Ge/Snout/SNT250R1 mm
Ge/Snout/SNTTypeR2 = Ge/Snout/SNT250R2 mm
s:So/Demo/Component              = "BeamPosition"
s:So/Demo/BeamPositionCutoffShape= "Ellipse"
d:So/Demo/BeamEnergy             = 162.141648 MeV
u:So/Demo/BeamEnergySpread       = 0.633118
s:So/Demo/BeamPositionDistribution = "Gaussian"
d:So/Demo/BeamPositionCutoffX = 0.1 cm
d:So/Demo/BeamPositionCutoffY = 0.1 cm
d:So/Demo/BeamPositionSpreadX = 0.1 cm
d:So/Demo/BeamPositionSpreadY = 0.1 cm
s:So/Demo/BeamAngularDistribution = "Gaussian"
d:So/Demo/BeamAngularCutoffX     = 0.01 deg
d:So/Demo/BeamAngularCutoffY     = 0.01 deg
d:So/Demo/BeamAngularSpreadX     = 0.01 deg
d:So/Demo/BeamAngularSpreadY     = 0.01 deg
#s:Sc/PhaseSpaceAtVacFilm/Quantity = "PhaseSpace"
#b:Sc/PhaseSpaceAtVacFilm/OutputToConsole = "True"
#s:Sc/PhaseSpaceAtVacFilm/Surface = "ZPhaseSpaceVol/ZMinusSurface"
#s:Sc/PhaseSpaceAtVacFilm/OutputType = "Binary"
#b:Sc/PhaseSpaceAtVacFilm/IncludeTOPASTime = "False"
#b:Sc/PhaseSpaceAtVacFilm/IncludeTimeOfFlight = "False"
#b:Sc/PhaseSpaceAtVacFilm/IncludeRunID   = "False"
#b:Sc/PhaseSpaceAtVacFilm/IncludeEventID = "False"
#b:Sc/PhaseSpaceAtVacFilm/IncludeTrackID = "False"
#b:Sc/PhaseSpaceAtVacFilm/IncludeParentID = "False"
#b:Sc/PhaseSpaceAtVacFilm/IncludeVertexInfo = "True"
#b:Sc/PhaseSpaceAtVacFilm/IncludeSeed = "False"
#sv:Sc/PhaseSpaceAtVacFilm/OnlyIncludeParticlesNamed = 2 "proton" "neutron"
#s:Sc/PhaseSpaceAtVacFilm/IfOutputFileAlreadyExists = "Increment"
#s:Sc/PhaseSpaceAtVacFilm/OutputFile = "tmp//Phase"
#s:Ge/Aperture/InputFile = "ApertureFileIn.ap"
#i:Ts/NumberOfThreads = 0
#b:Ge/QuitIfOverlapDetected = "F"
#i:Ts/MaxInterruptedHistories = 100000000
